0.000000 0.072500 0.799000 0.000000 0.000541 0.466000 0.000000 0.000000 0.000000 0.002942 0.000000 0.072575
0.000000 0.072500 0.799000 0.000000 0.001111 0.466000 0.000000 0.000000 0.000000 0.003700 0.000000 0.072575
0.000000 0.072500 0.799000 0.000000 0.001739 0.466000 0.000000 0.000000 0.000000 0.004654 0.000000 0.072575
0.000000 0.072500 0.799000 0.000000 0.002459 0.466000 0.000000 0.000000 0.000000 0.005853 0.000000 0.072575
0.000000 0.072500 0.799000 0.000000 0.003309 0.466000 0.000000 0.000000 0.000000 0.007362 0.000000 0.072575
0.000000 0.072500 0.799000 0.000000 0.004334 0.466000 0.000000 0.000000 0.000000 0.009259 0.000000 0.072575
0.000000 0.072500 0.799000 0.000000 0.005588 0.466000 0.000000 0.000000 0.000000 0.011645 0.000000 0.072575
0.000000 0.072500 0.799000 0.000000 0.007136 0.466000 0.000000 0.000000 0.000000 0.014646 0.000000 0.072575
0.000000 0.072500 0.799000 0.000000 0.009062 0.466000 0.000000 0.000000 0.000000 0.018420 0.000000 0.072575
0.000000 0.072500 0.799000 0.000000 0.011466 0.466000 0.000000 0.000000 0.000000 0.023167 0.000000 0.072575
0.000000 0.072500 0.799000 0.000000 0.014475 0.466000 0.000000 0.000000 0.000000 0.029138 0.000000 0.072575
0.000000 0.072500 0.799001 0.000000 0.018249 0.466000 0.000000 0.000000 0.000000 0.036647 0.000000 0.072575
0.000000 0.072500 0.799001 0.000000 0.022986 0.466000 0.000000 0.000000 0.000000 0.046091 0.000000 0.072575
0.000000 0.072500 0.799001 0.000000 0.028938 0.466000 0.000000 0.000000 0.000000 0.057969 0.000000 0.072575
0.000000 0.072500 0.799001 0.000000 0.036417 0.466000 0.000000 0.000000 0.000000 0.072909 0.000000 0.072575
0.100000 -0.145000 0.799000 0.000593 0.042961 0.466000 0.000000 0.072500 0.003225 0.067883 0.100066 -0.143245
0.100000 -0.145000 0.799000 0.001218 0.047946 0.466000 0.000000 0.072500 0.004056 0.066693 0.100066 -0.143245
0.100000 -0.145000 0.799000 0.001906 0.051634 0.466000 0.000000 0.072500 0.005102 0.065197 0.100066 -0.143245
0.100000 -0.145000 0.799000 0.002696 0.054220 0.466000 0.000000 0.072500 0.006417 0.063314 0.100066 -0.143245
0.100000 -0.145000 0.798999 0.003628 0.055841 0.466000 0.000000 0.072500 0.008070 0.060947 0.100066 -0.143245
0.100000 -0.145000 0.798999 0.004751 0.056582 0.466000 0.000000 0.072500 0.010150 0.057970 0.100066 -0.143245
0.100000 -0.145000 0.798999 0.006125 0.056483 0.466000 0.000000 0.072500 0.012766 0.054225 0.100066 -0.143245
0.100000 -0.145000 0.798999 0.007823 0.055538 0.466000 0.000000 0.072500 0.016056 0.049516 0.100066 -0.143245
0.100000 -0.145000 0.798998 0.009934 0.053697 0.466000 0.000000 0.072500 0.020194 0.043593 0.100066 -0.143245
0.100000 -0.145000 0.798998 0.012569 0.050863 0.466000 0.000000 0.072500 0.025398 0.036143 0.100066 -0.143245
0.100000 -0.145000 0.798998 0.015869 0.046887 0.466000 0.000000 0.072500 0.031943 0.026773 0.100066 -0.143245
0.100000 -0.145000 0.798998 0.020006 0.041558 0.466000 0.000000 0.072500 0.040175 0.014989 0.100066 -0.143245
0.100000 -0.145000 0.798997 0.025199 0.034596 0.466000 0.000000 0.072500 0.050529 0.000167 0.100066 -0.143245
0.100000 -0.145000 0.798996 0.031724 0.025631 0.466000 0.000000 0.072500 0.063552 -0.018474 0.100066 -0.143245
0.100000 -0.145000 0.798996 0.039923 0.014192 0.466000 0.000000 0.072500 0.079929 -0.041919 0.100066 -0.143245
0.100000 -0.145000 0.798996 0.050231 -0.000327 0.466000 0.000000 0.072500 0.100528 -0.071406 0.100066 -0.143245
0.100000 0.145000 0.799000 0.061037 -0.014277 0.466000 0.100000 -0.072500 0.103308 -0.067943 0.102618 0.141394
0.100000 0.145000 0.799000 0.069786 -0.025153 0.466000 0.100000 -0.072500 0.104160 -0.066768 0.102618 0.141394
0.100000 0.145000 0.799000 0.076939 -0.033529 0.466000 0.100000 -0.072500 0.105232 -0.065291 0.102618 0.141394
0.100000 0.145000 0.799000 0.082875 -0.039847 0.466000 0.100000 -0.072500 0.106580 -0.063433 0.102618 0.141394
0.100000 0.145000 0.799000 0.087906 -0.044440 0.466000 0.100000 -0.072500 0.108276 -0.061097 0.102618 0.141394
0.100000 0.145000 0.799000 0.092298 -0.047552 0.466000 0.100000 -0.072500 0.110409 -0.058158 0.102618 0.141394
0.100000 0.145000 0.799000 0.096284 -0.049347 0.466000 0.100000 -0.072500 0.113092 -0.054462 0.102618 0.141394
0.100000 0.145000 0.799000 0.100074 -0.049918 0.466000 0.100000 -0.072500 0.116465 -0.049813 0.102618 0.141394
0.100000 0.145000 0.798999 0.103867 -0.049298 0.466000 0.100000 -0.072500 0.120709 -0.043966 0.102618 0.141394
0.100000 0.145000 0.798999 0.107865 -0.047452 0.466000 0.100000 -0.072500 0.126046 -0.036613 0.102618 0.141394
0.100000 0.145000 0.798999 0.112278 -0.044283 0.466000 0.100000 -0.072500 0.132758 -0.027364 0.102618 0.141394
0.100000 0.145000 0.798999 0.117339 -0.039625 0.466000 0.100000 -0.072500 0.141200 -0.015732 0.102618 0.141394
0.100000 0.145000 0.798998 0.123316 -0.033230 0.466000 0.100000 -0.072500 0.151818 -0.001102 0.102618 0.141394
0.100000 0.145000 0.798997 0.130525 -0.024762 0.466000 0.100000 -0.072500 0.165172 0.017298 0.102619 0.141394
0.100000 0.145000 0.798997 0.139345 -0.013773 0.466000 0.100000 -0.072500 0.181968 0.040440 0.102619 0.141394
0.100000 0.145000 0.798997 0.150243 0.000318 0.466000 0.100000 -0.072500 0.203092 0.069546 0.102619 0.141394
0.100000 -0.145000 0.798998 0.161046 0.014270 0.466000 0.200000 0.072500 0.203308 0.067943 0.102618 -0.141393
0.100000 -0.145000 0.798998 0.169793 0.025147 0.466000 0.200000 0.072500 0.204160 0.066768 0.102618 -0.141393
0.100000 -0.145000 0.798998 0.176945 0.033524 0.466000 0.200000 0.072500 0.205232 0.065291 0.102618 -0.141393
0.100000 -0.145000 0.798998 0.182879 0.039843 0.466000 0.200000 0.072500 0.206580 0.063433 0.102618 -0.141393
0.100000 -0.145000 0.798997 0.187909 0.044437 0.466000 0.200000 0.072500 0.208276 0.061096 0.102618 -0.141393
0.100000 -0.145000 0.798997 0.192301 0.047550 0.466000 0.200000 0.072500 0.210409 0.058158 0.102618 -0.141393
0.100000 -0.145000 0.798997 0.196286 0.049345 0.466000 0.200000 0.072500 0.213092 0.054461 0.102618 -0.141393
0.100000 -0.145000 0.798997 0.200076 0.049917 0.466000 0.200000 0.072500 0.216466 0.049813 0.102618 -0.141393
0.100000 -0.145000 0.798996 0.203869 0.049297 0.466000 0.200000 0.072500 0.220709 0.043966 0.102618 -0.141393
0.100000 -0.145000 0.798997 0.207866 0.047451 0.466000 0.200000 0.072500 0.226046 0.036612 0.102618 -0.141393
0.100000 -0.145000 0.798996 0.212279 0.044283 0.466000 0.200000 0.072500 0.232758 0.027364 0.102618 -0.141393
0.100000 -0.145000 0.798996 0.217340 0.039624 0.466000 0.200000 0.072500 0.241200 0.015732 0.102618 -0.141393
0.100000 -0.145000 0.798996 0.223317 0.033230 0.466000 0.200000 0.072500 0.251818 0.001102 0.102618 -0.141393
0.100000 -0.145000 0.798994 0.230525 0.024761 0.466000 0.200000 0.072500 0.265173 -0.017299 0.102618 -0.141394
0.100000 -0.145000 0.798994 0.239345 0.013772 0.466000 0.200000 0.072500 0.281969 -0.040441 0.102618 -0.141394
0.100000 -0.145000 0.798994 0.250243 -0.000319 0.466000 0.200000 0.072500 0.303093 -0.069548 0.102618 -0.141394
0.100000 0.145000 0.798998 0.261047 -0.014271 0.466000 0.300000 -0.072500 0.303308 -0.067943 0.102618 0.141393
0.100000 0.145000 0.798998 0.269794 -0.025148 0.466000 0.300000 -0.072500 0.304160 -0.066768 0.102618 0.141393
0.100000 0.145000 0.798998 0.276945 -0.033525 0.466000 0.300000 -0.072500 0.305232 -0.065291 0.102618 0.141393
0.100000 0.145000 0.798998 0.282880 -0.039843 0.466000 0.300000 -0.072500 0.306580 -0.063433 0.102618 0.141393
0.100000 0.145000 0.798998 0.287910 -0.044438 0.466000 0.300000 -0.072500 0.308276 -0.061096 0.102618 0.141393
0.100000 0.145000 0.798998 0.292301 -0.047550 0.466000 0.300000 -0.072500 0.310409 -0.058158 0.102618 0.141393
0.100000 0.145000 0.798998 0.296287 -0.049345 0.466000 0.300000 -0.072500 0.313092 -0.054462 0.102618 0.141393
0.100000 0.145000 0.798998 0.300076 -0.049917 0.466000 0.300000 -0.072500 0.316465 -0.049813 0.102618 0.141393
0.100000 0.145000 0.798997 0.303869 -0.049297 0.466000 0.300000 -0.072500 0.320709 -0.043966 0.102618 0.141393
0.100000 0.145000 0.798997 0.307866 -0.047451 0.466000 0.300000 -0.072500 0.326046 -0.036613 0.102618 0.141393
0.100000 0.145000 0.798997 0.312279 -0.044283 0.466000 0.300000 -0.072500 0.332758 -0.027364 0.102618 0.141393
0.100000 0.145000 0.798997 0.317340 -0.039624 0.466000 0.300000 -0.072500 0.341200 -0.015732 0.102618 0.141393
0.100000 0.145000 0.798996 0.323317 -0.033230 0.466000 0.300000 -0.072500 0.351818 -0.001102 0.102618 0.141393
0.100000 0.145000 0.798995 0.330525 -0.024761 0.466000 0.300000 -0.072500 0.365172 0.017299 0.102618 0.141394
0.100000 0.145000 0.798995 0.339345 -0.013772 0.466000 0.300000 -0.072500 0.381968 0.040441 0.102618 0.141394
0.100000 0.145000 0.798995 0.350243 0.000318 0.466000 0.300000 -0.072500 0.403092 0.069547 0.102618 0.141394
0.100000 -0.145000 0.798998 0.361047 0.014270 0.466000 0.400000 0.072500 0.403308 0.067943 0.102618 -0.141393
0.100000 -0.145000 0.798998 0.369793 0.025148 0.466000 0.400000 0.072500 0.404160 0.066768 0.102618 -0.141393
0.100000 -0.145000 0.798998 0.376945 0.033525 0.466000 0.400000 0.072500 0.405232 0.065291 0.102618 -0.141393
0.100000 -0.145000 0.798998 0.382879 0.039843 0.466000 0.400000 0.072500 0.406580 0.063433 0.102618 -0.141393
0.100000 -0.145000 0.798997 0.387910 0.044438 0.466000 0.400000 0.072500 0.408276 0.061096 0.102618 -0.141393
0.100000 -0.145000 0.798997 0.392301 0.047550 0.466000 0.400000 0.072500 0.410409 0.058158 0.102618 -0.141393
0.100000 -0.145000 0.798997 0.396287 0.049345 0.466000 0.400000 0.072500 0.413092 0.054461 0.102618 -0.141393
0.100000 -0.145000 0.798997 0.400076 0.049917 0.466000 0.400000 0.072500 0.416466 0.049813 0.102618 -0.141393
0.100000 -0.145000 0.798996 0.403869 0.049297 0.466000 0.400000 0.072500 0.420709 0.043966 0.102618 -0.141393
0.100000 -0.145000 0.798997 0.407866 0.047451 0.466000 0.400000 0.072500 0.426046 0.036612 0.102618 -0.141393
0.100000 -0.145000 0.798996 0.412279 0.044283 0.466000 0.400000 0.072500 0.432758 0.027364 0.102618 -0.141393
0.100000 -0.145000 0.798996 0.417340 0.039624 0.466000 0.400000 0.072500 0.441200 0.015732 0.102618 -0.141393
0.100000 -0.145000 0.798996 0.423317 0.033230 0.466000 0.400000 0.072500 0.451818 0.001102 0.102618 -0.141393
0.100000 -0.145000 0.798994 0.430525 0.024761 0.466000 0.400000 0.072500 0.465173 -0.017299 0.102618 -0.141394
0.100000 -0.145000 0.798994 0.439345 0.013772 0.466000 0.400000 0.072500 0.481969 -0.040441 0.102618 -0.141394
0.100000 -0.145000 0.798994 0.450243 -0.000319 0.466000 0.400000 0.072500 0.503093 -0.069548 0.102618 -0.141394
0.100000 0.145000 0.798998 0.461047 -0.014271 0.466000 0.500000 -0.072500 0.503308 -0.067943 0.102618 0.141393
0.100000 0.145000 0.798998 0.469794 -0.025148 0.466000 0.500000 -0.072500 0.504160 -0.066768 0.102618 0.141393
0.100000 0.145000 0.798998 0.476945 -0.033525 0.466000 0.500000 -0.072500 0.505232 -0.065291 0.102618 0.141393
0.100000 0.145000 0.798998 0.482880 -0.039843 0.466000 0.500000 -0.072500 0.506580 -0.063433 0.102618 0.141393
0.100000 0.145000 0.798998 0.487910 -0.044438 0.466000 0.500000 -0.072500 0.508276 -0.061096 0.102618 0.141393
0.100000 0.145000 0.798998 0.492301 -0.047550 0.466000 0.500000 -0.072500 0.510409 -0.058158 0.102618 0.141393
0.100000 0.145000 0.798998 0.496287 -0.049345 0.466000 0.500000 -0.072500 0.513092 -0.054462 0.102618 0.141393
0.100000 0.145000 0.798998 0.500076 -0.049917 0.466000 0.500000 -0.072500 0.516465 -0.049813 0.102618 0.141393
0.100000 0.145000 0.798997 0.503869 -0.049297 0.466000 0.500000 -0.072500 0.520709 -0.043966 0.102618 0.141393
0.100000 0.145000 0.798997 0.507866 -0.047451 0.466000 0.500000 -0.072500 0.526046 -0.036613 0.102618 0.141393
0.100000 0.145000 0.798997 0.512279 -0.044283 0.466000 0.500000 -0.072500 0.532758 -0.027364 0.102618 0.141393
0.100000 0.145000 0.798997 0.517340 -0.039624 0.466000 0.500000 -0.072500 0.541200 -0.015732 0.102618 0.141393
0.100000 0.145000 0.798996 0.523317 -0.033230 0.466000 0.500000 -0.072500 0.551818 -0.001102 0.102618 0.141393
0.100000 0.145000 0.798995 0.530525 -0.024761 0.466000 0.500000 -0.072500 0.565172 0.017299 0.102618 0.141394
0.100000 0.145000 0.798995 0.539345 -0.013772 0.466000 0.500000 -0.072500 0.581968 0.040441 0.102618 0.141394
0.100000 0.145000 0.798995 0.550243 0.000318 0.466000 0.500000 -0.072500 0.603092 0.069547 0.102618 0.141394
0.100000 -0.145000 0.798998 0.561047 0.014270 0.466000 0.600000 0.072500 0.603308 0.067943 0.102618 -0.141393
0.100000 -0.145000 0.798998 0.569793 0.025148 0.466000 0.600000 0.072500 0.604160 0.066768 0.102618 -0.141393
0.100000 -0.145000 0.798998 0.576945 0.033525 0.466000 0.600000 0.072500 0.605232 0.065291 0.102618 -0.141393
0.100000 -0.145000 0.798998 0.582879 0.039843 0.466000 0.600000 0.072500 0.606580 0.063433 0.102618 -0.141393
0.100000 -0.145000 0.798997 0.587910 0.044438 0.466000 0.600000 0.072500 0.608276 0.061096 0.102618 -0.141393
0.100000 -0.145000 0.798997 0.592301 0.047550 0.466000 0.600000 0.072500 0.610409 0.058158 0.102618 -0.141393
0.100000 -0.145000 0.798997 0.596287 0.049345 0.466000 0.600000 0.072500 0.613092 0.054461 0.102618 -0.141393
0.100000 -0.145000 0.798997 0.600076 0.049917 0.466000 0.600000 0.072500 0.616466 0.049813 0.102618 -0.141393
0.100000 -0.145000 0.798996 0.603869 0.049297 0.466000 0.600000 0.072500 0.620709 0.043966 0.102618 -0.141393
0.100000 -0.145000 0.798997 0.607866 0.047451 0.466000 0.600000 0.072500 0.626046 0.036612 0.102618 -0.141393
0.100000 -0.145000 0.798996 0.612279 0.044283 0.466000 0.600000 0.072500 0.632758 0.027364 0.102618 -0.141393
0.100000 -0.145000 0.798996 0.617340 0.039624 0.466000 0.600000 0.072500 0.641200 0.015732 0.102618 -0.141393
0.100000 -0.145000 0.798996 0.623317 0.033230 0.466000 0.600000 0.072500 0.651818 0.001102 0.102618 -0.141393
0.100000 -0.145000 0.798994 0.630525 0.024761 0.466000 0.600000 0.072500 0.665173 -0.017299 0.102618 -0.141394
0.100000 -0.145000 0.798994 0.639345 0.013772 0.466000 0.600000 0.072500 0.681969 -0.040441 0.102618 -0.141394
0.100000 -0.145000 0.798994 0.650243 -0.000319 0.466000 0.600000 0.072500 0.703093 -0.069548 0.102618 -0.141394
0.100000 0.145000 0.798998 0.661047 -0.014271 0.466000 0.700000 -0.072500 0.703308 -0.067943 0.102618 0.141393
0.100000 0.145000 0.798998 0.669794 -0.025148 0.466000 0.700000 -0.072500 0.704160 -0.066768 0.102618 0.141393
0.100000 0.145000 0.798998 0.676945 -0.033525 0.466000 0.700000 -0.072500 0.705232 -0.065291 0.102618 0.141393
0.100000 0.145000 0.798998 0.682880 -0.039843 0.466000 0.700000 -0.072500 0.706580 -0.063433 0.102618 0.141393
0.100000 0.145000 0.798998 0.687910 -0.044438 0.466000 0.700000 -0.072500 0.708276 -0.061096 0.102618 0.141393
0.100000 0.145000 0.798998 0.692301 -0.047550 0.466000 0.700000 -0.072500 0.710409 -0.058158 0.102618 0.141393
0.100000 0.145000 0.798998 0.696287 -0.049345 0.466000 0.700000 -0.072500 0.713092 -0.054462 0.102618 0.141393
0.100000 0.145000 0.798998 0.700076 -0.049917 0.466000 0.700000 -0.072500 0.716465 -0.049813 0.102618 0.141393
0.100000 0.145000 0.798997 0.703869 -0.049297 0.466000 0.700000 -0.072500 0.720709 -0.043966 0.102618 0.141393
0.100000 0.145000 0.798997 0.707866 -0.047451 0.466000 0.700000 -0.072500 0.726046 -0.036613 0.102618 0.141393
0.100000 0.145000 0.798997 0.712279 -0.044283 0.466000 0.700000 -0.072500 0.732758 -0.027364 0.102618 0.141393
0.100000 0.145000 0.798997 0.717340 -0.039624 0.466000 0.700000 -0.072500 0.741200 -0.015732 0.102618 0.141393
0.100000 0.145000 0.798996 0.723317 -0.033230 0.466000 0.700000 -0.072500 0.751818 -0.001102 0.102618 0.141393
0.100000 0.145000 0.798995 0.730525 -0.024761 0.466000 0.700000 -0.072500 0.765172 0.017299 0.102618 0.141394
0.100000 0.145000 0.798995 0.739345 -0.013772 0.466000 0.700000 -0.072500 0.781968 0.040441 0.102618 0.141394
0.100000 0.145000 0.798995 0.750243 0.000318 0.466000 0.700000 -0.072500 0.803092 0.069547 0.102618 0.141394
0.100000 -0.145000 0.798998 0.761047 0.014270 0.466000 0.800000 0.072500 0.803308 0.067943 0.102618 -0.141393
0.100000 -0.145000 0.798998 0.769793 0.025148 0.466000 0.800000 0.072500 0.804160 0.066768 0.102618 -0.141393
0.100000 -0.145000 0.798998 0.776945 0.033525 0.466000 0.800000 0.072500 0.805232 0.065291 0.102618 -0.141393
0.100000 -0.145000 0.798998 0.782879 0.039843 0.466000 0.800000 0.072500 0.806580 0.063433 0.102618 -0.141393
0.100000 -0.145000 0.798997 0.787910 0.044438 0.466000 0.800000 0.072500 0.808276 0.061096 0.102618 -0.141393
0.100000 -0.145000 0.798997 0.792301 0.047550 0.466000 0.800000 0.072500 0.810409 0.058158 0.102618 -0.141393
0.100000 -0.145000 0.798997 0.796287 0.049345 0.466000 0.800000 0.072500 0.813092 0.054461 0.102618 -0.141393
0.100000 -0.145000 0.798997 0.800076 0.049917 0.466000 0.800000 0.072500 0.816466 0.049813 0.102618 -0.141393
0.100000 -0.145000 0.798996 0.803869 0.049297 0.466000 0.800000 0.072500 0.820709 0.043966 0.102618 -0.141393
0.100000 -0.145000 0.798997 0.807866 0.047451 0.466000 0.800000 0.072500 0.826046 0.036612 0.102618 -0.141393
0.100000 -0.145000 0.798996 0.812279 0.044283 0.466000 0.800000 0.072500 0.832758 0.027364 0.102618 -0.141393
0.100000 -0.145000 0.798996 0.817340 0.039624 0.466000 0.800000 0.072500 0.841200 0.015732 0.102618 -0.141393
0.100000 -0.145000 0.798996 0.823317 0.033230 0.466000 0.800000 0.072500 0.851818 0.001102 0.102618 -0.141393
0.100000 -0.145000 0.798994 0.830525 0.024761 0.466000 0.800000 0.072500 0.865173 -0.017299 0.102618 -0.141394
0.100000 -0.145000 0.798994 0.839345 0.013772 0.466000 0.800000 0.072500 0.881969 -0.040441 0.102618 -0.141394
0.100000 -0.145000 0.798994 0.850243 -0.000319 0.466000 0.800000 0.072500 0.903093 -0.069548 0.102618 -0.141394
0.100000 0.145000 0.798998 0.861047 -0.014271 0.466000 0.900000 -0.072500 0.903308 -0.067943 0.102618 0.141393
0.100000 0.145000 0.798998 0.869794 -0.025148 0.466000 0.900000 -0.072500 0.904160 -0.066768 0.102618 0.141393
0.100000 0.145000 0.798998 0.876945 -0.033525 0.466000 0.900000 -0.072500 0.905232 -0.065291 0.102618 0.141393
0.100000 0.145000 0.798998 0.882880 -0.039843 0.466000 0.900000 -0.072500 0.906580 -0.063433 0.102618 0.141393
0.100000 0.145000 0.798998 0.887910 -0.044438 0.466000 0.900000 -0.072500 0.908276 -0.061096 0.102618 0.141393
0.100000 0.145000 0.798998 0.892301 -0.047550 0.466000 0.900000 -0.072500 0.910409 -0.058158 0.102618 0.141393
0.100000 0.145000 0.798998 0.896287 -0.049345 0.466000 0.900000 -0.072500 0.913092 -0.054462 0.102618 0.141393
0.100000 0.145000 0.798998 0.900076 -0.049917 0.466000 0.900000 -0.072500 0.916465 -0.049813 0.102618 0.141393
0.100000 0.145000 0.798997 0.903869 -0.049297 0.466000 0.900000 -0.072500 0.920709 -0.043966 0.102618 0.141393
0.100000 0.145000 0.798997 0.907866 -0.047451 0.466000 0.900000 -0.072500 0.926046 -0.036613 0.102618 0.141393
0.100000 0.145000 0.798997 0.912279 -0.044283 0.466000 0.900000 -0.072500 0.932758 -0.027364 0.102618 0.141393
0.100000 0.145000 0.798997 0.917340 -0.039624 0.466000 0.900000 -0.072500 0.941200 -0.015732 0.102618 0.141393
0.100000 0.145000 0.798996 0.923317 -0.033230 0.466000 0.900000 -0.072500 0.951818 -0.001102 0.102618 0.141393
0.100000 0.145000 0.798995 0.930525 -0.024761 0.466000 0.900000 -0.072500 0.965172 0.017299 0.102618 0.141394
0.100000 0.145000 0.798995 0.939345 -0.013772 0.466000 0.900000 -0.072500 0.981968 0.040441 0.102618 0.141394
0.100000 0.145000 0.798995 0.950243 0.000318 0.466000 0.900000 -0.072500 1.003092 0.069547 0.102618 0.141394
0.100000 -0.145000 0.798998 0.961047 0.014270 0.466000 1.000000 0.072500 1.003308 0.067943 0.102618 -0.141393
0.100000 -0.145000 0.798998 0.969793 0.025148 0.466000 1.000000 0.072500 1.004160 0.066768 0.102618 -0.141393
0.100000 -0.145000 0.798998 0.976945 0.033525 0.466000 1.000000 0.072500 1.005232 0.065291 0.102618 -0.141393
0.100000 -0.145000 0.798998 0.982879 0.039843 0.466000 1.000000 0.072500 1.006580 0.063433 0.102618 -0.141393
0.100000 -0.145000 0.798997 0.987910 0.044438 0.466000 1.000000 0.072500 1.008276 0.061096 0.102618 -0.141393
0.100000 -0.145000 0.798997 0.992301 0.047550 0.466000 1.000000 0.072500 1.010409 0.058158 0.102618 -0.141393
0.100000 -0.145000 0.798997 0.996287 0.049345 0.466000 1.000000 0.072500 1.013092 0.054461 0.102618 -0.141393
0.100000 -0.145000 0.798997 1.000076 0.049917 0.466000 1.000000 0.072500 1.016466 0.049813 0.102618 -0.141393
0.100000 -0.145000 0.798996 1.003869 0.049297 0.466000 1.000000 0.072500 1.020709 0.043966 0.102618 -0.141393
0.100000 -0.145000 0.798997 1.007866 0.047451 0.466000 1.000000 0.072500 1.026046 0.036612 0.102618 -0.141393
0.100000 -0.145000 0.798996 1.012279 0.044283 0.466000 1.000000 0.072500 1.032758 0.027364 0.102618 -0.141393
0.100000 -0.145000 0.798996 1.017340 0.039624 0.466000 1.000000 0.072500 1.041200 0.015732 0.102618 -0.141393
0.100000 -0.145000 0.798996 1.023317 0.033230 0.466000 1.000000 0.072500 1.051818 0.001102 0.102618 -0.141393
0.100000 -0.145000 0.798994 1.030525 0.024761 0.466000 1.000000 0.072500 1.065173 -0.017299 0.102618 -0.141394
0.100000 -0.145000 0.798994 1.039345 0.013772 0.466000 1.000000 0.072500 1.081969 -0.040441 0.102618 -0.141394
0.100000 -0.145000 0.798994 1.050243 -0.000319 0.466000 1.000000 0.072500 1.103093 -0.069548 0.102618 -0.141394
0.000000 0.000000 0.000000 0.000000 0.000000 0.000000 0.000000 0.000000 0.000000 0.000000 0.000000 0.000000
0.000000 0.000000 0.000000 0.000000 0.000000 0.000000 0.000000 0.000000 0.000000 0.000000 0.000000 0.000000
0.000000 0.000000 0.000000 0.000000 0.000000 0.000000 0.000000 0.000000 0.000000 0.000000 0.000000 0.000000
0.000000 0.000000 0.000000 0.000000 0.000000 0.000000 0.000000 0.000000 0.000000 0.000000 0.000000 0.000000
0.000000 0.000000 0.000000 0.000000 0.000000 0.000000 0.000000 0.000000 0.000000 0.000000 0.000000 0.000000
0.000000 0.000000 0.000000 0.000000 0.000000 0.000000 0.000000 0.000000 0.000000 0.000000 0.000000 0.000000
0.000000 0.000000 0.000000 0.000000 0.000000 0.000000 0.000000 0.000000 0.000000 0.000000 0.000000 0.000000
0.000000 0.000000 0.000000 0.000000 0.000000 0.000000 0.000000 0.000000 0.000000 0.000000 0.000000 0.000000
0.000000 0.000000 0.000000 0.000000 0.000000 0.000000 0.000000 0.000000 0.000000 0.000000 0.000000 0.000000
0.000000 0.000000 0.000000 0.000000 0.000000 0.000000 0.000000 0.000000 0.000000 0.000000 0.000000 0.000000
0.000000 0.000000 0.000000 0.000000 0.000000 0.000000 0.000000 0.000000 0.000000 0.000000 0.000000 0.000000
0.000000 0.000000 0.000000 0.000000 0.000000 0.000000 0.000000 0.000000 0.000000 0.000000 0.000000 0.000000
0.000000 0.000000 0.000000 0.000000 0.000000 0.000000 0.000000 0.000000 0.000000 0.000000 0.000000 0.000000
0.000000 0.000000 0.000000 0.000000 0.000000 0.000000 0.000000 0.000000 0.000000 0.000000 0.000000 0.000000
0.000000 0.000000 0.000000 0.000000 0.000000 0.000000 0.000000 0.000000 0.000000 0.000000 0.000000 0.000000
0.000000 0.000000 0.000000 0.000000 0.000000 0.000000 0.000000 0.000000 0.000000 0.000000 0.000000 0.000000
0.000000 0.000000 0.000000 0.000000 0.000000 0.000000 0.000000 0.000000 0.000000 0.000000 0.000000 0.000000
0.000000 0.000000 0.000000 0.000000 0.000000 0.000000 0.000000 0.000000 0.000000 0.000000 0.000000 0.000000
0.000000 0.000000 0.000000 0.000000 0.000000 0.000000 0.000000 0.000000 0.000000 0.000000 0.000000 0.000000
0.000000 0.000000 0.000000 0.000000 0.000000 0.000000 0.000000 0.000000 0.000000 0.000000 0.000000 0.000000
0.000000 0.000000 0.000000 0.000000 0.000000 0.000000 0.000000 0.000000 0.000000 0.000000 0.000000 0.000000
0.000000 0.000000 0.000000 0.000000 0.000000 0.000000 0.000000 0.000000 0.000000 0.000000 0.000000 0.000000
0.000000 0.000000 0.000000 0.000000 0.000000 0.000000 0.000000 0.000000 0.000000 0.000000 0.000000 0.000000
0.000000 0.000000 0.000000 0.000000 0.000000 0.000000 0.000000 0.000000 0.000000 0.000000 0.000000 0.000000
0.000000 0.000000 0.000000 0.000000 0.000000 0.000000 0.000000 0.000000 0.000000 0.000000 0.000000 0.000000
0.000000 0.000000 0.000000 0.000000 0.000000 0.000000 0.000000 0.000000 0.000000 0.000000 0.000000 0.000000
0.000000 0.000000 0.000000 0.000000 0.000000 0.000000 0.000000 0.000000 0.000000 0.000000 0.000000 0.000000
0.000000 0.000000 0.000000 0.000000 0.000000 0.000000 0.000000 0.000000 0.000000 0.000000 0.000000 0.000000
0.000000 0.000000 0.000000 0.000000 0.000000 0.000000 0.000000 0.000000 0.000000 0.000000 0.000000 0.000000
0.000000 0.000000 0.000000 0.000000 0.000000 0.000000 0.000000 0.000000 0.000000 0.000000 0.000000 0.000000
0.000000 0.000000 0.000000 0.000000 0.000000 0.000000 0.000000 0.000000 0.000000 0.000000 0.000000 0.000000
0.000000 0.000000 0.000000 0.000000 0.000000 0.000000 0.000000 0.000000 0.000000 0.000000 0.000000 0.000000
0.000000 0.000000 0.000000 0.000000 0.000000 0.000000 0.000000 0.000000 0.000000 0.000000 0.000000 0.000000
