0.0 0.0726 0.5990000016354916 0.0 0.0014866025570266332 0.5245 0.0 0.0 0.0 0.008471724040585141 0.0 0.07323605196516592
0.0 0.0726 0.5990000071810655 0.0 0.0030429167157764803 0.5245 0.0 0.0 0.0 0.010515618651478782 0.0 0.07323605192816514
0.0 0.0726 0.5989999942688133 0.0 0.004741923304535048 0.5245 0.0 0.0 0.0 0.01305262590662255 0.0 0.07323605205017855
0.0 0.0726 0.5989999791156047 0.0 0.0066632943509693145 0.5245 0.0 0.0 0.0 0.016201713901700505 0.0 0.07323605225046376
0.0 0.0726 0.5990000717792164 0.0 0.008897127522612304 0.5245 0.0 0.0 0.0 0.020110543718136552 0.0 0.07323605047361104
0.0 0.0726 0.5990003185401126 0.0 0.011548170951101226 0.5245 0.0 0.0 0.0 0.02496240041505423 0.0 0.07323604336859438
0.0 0.0726 0.5990004227193562 0.0 0.014740743019997483 0.5245 0.0 0.0 0.0 0.03098483303451126 0.0 0.07323603871032824
0.0 0.0726 0.5990001836800667 0.0 0.018624565217558484 0.5245 0.0 0.0 0.0 0.038460307277268097 0.0 0.07323605600909569
0.0 0.0726 0.5990001637905141 0.0 0.02338175508088125 0.5245 0.0 0.0 0.0 0.04773927726362066 0.0 0.07323605848236878
0.0 0.0726 0.5989998404742265 0.0 0.02923541725840094 0.5245 0.0 0.0 0.0 0.05925703845464879 0.0 0.07323613565296956
0.0 0.0726 0.5989998404742265 0.0 0.03646002358972597 0.5245 0.0 0.0 0.0 0.07355343860032487 0.0 0.07323613565311277
0.05 -0.1452 0.5989998358387086 0.0008223036914220183 0.04118574015788982 0.5245 0.0 0.0726 0.004686074242476238 0.05950024247929618 0.05028344397982214 -0.14056561833162295
0.05 -0.1452 0.5989998159736917 0.0016831679762418852 0.04443833929171699 0.5245 0.0 0.0726 0.005816640741465629 0.056339783217057605 0.05028344404218374 -0.14056561803623507
0.05 -0.1452 0.5989988386091317 0.0026229669576945166 0.04637033155411949 0.5245 0.0 0.0726 0.0072199991945960384 0.05241674681984806 0.05028344813245747 -0.14056560632140214
0.05 -0.1452 0.5989988632126406 0.0036857652508583572 0.04707232950109955 0.5245 0.0 0.0726 0.00896190095499265 0.047547321778861396 0.05028344799435204 -0.14056560642416652
0.05 -0.1452 0.5989988499994938 0.004921401224489093 0.046577251331453295 0.5245000000000002 0.0 0.0726 0.011124056954361514 0.0415030909607246 0.05028344810371553 -0.1405656064399497
0.05 -0.1452 0.598998893282938 0.006387817288097676 0.04486188281560857 0.5245000000000005 0.0 0.0726 0.0138078530360447 0.034000633345711705 0.05028344756530277 -0.14056560597423484
0.05 -0.1452 0.5989991070875685 0.008153775934121222 0.041845791561022715 0.5245000000000011 0.0 0.0726 0.01713912939440669 0.024688165811688492 0.05028344349203498 -0.1405656000119783
0.05 -0.1452 0.5989990800685344 0.010302092247666053 0.03738753374277193 0.5244999999999969 0.0 0.0726 0.021274132187112563 0.013128911056705234 0.05028344430162783 -0.14056560155477676
0.05 -0.1452 0.5989988136828133 0.012933513833568961 0.031278030866058584 0.5245000000000005 0.0 0.0726 0.026406783455453633 -0.0012192311784489304 0.0502834573252857 -0.14056563030513064
0.05 -0.1452 0.598998331072772 0.016171446765665416 0.02323076116773308 0.5245000000000009 0.0 0.0726 0.03277779994593342 -0.019029172770845745 0.05028349808572111 -0.14056572867059225
0.05 -0.1452 0.5989991859066595 0.0201676654963587 0.012868530704398973 0.524500000000007 0.0 0.0726 0.04068553509408708 -0.04113499305248296 0.05028335897891222 -0.14056537466931926
0.05 -0.1452 0.5989991859066595 0.02510961189918329 -0.00029470334662300146 0.5245 0.0 0.0726 0.050501359593732614 -0.06857478777799349 0.050283358978902376 -0.14056537466948088
0.10000000000000002 0.1452 0.5990004409641904 0.03165356527460832 -0.012139100385688335 0.5245000000000001 0.05 -0.0726 0.05972240716774037 -0.0600092318700366 0.10432557608353474 0.13510431273142487
0.10000000000000002 0.1452 0.5990003671175489 0.03733719514447283 -0.021148287651554173 0.5245 0.05 -0.0726 0.06206804688832172 -0.056971568500341824 0.10432557777667845 0.13510430983847632
0.10000000000000002 0.1452 0.5990001913973373 0.04242702686465621 -0.027744733737181372 0.5245 0.05 -0.0726 0.06497960547229599 -0.05320102688916284 0.10432558217963317 0.13510430346233535
0.10000000000000002 0.1452 0.5990002212013656 0.04716173670582624 -0.0322377704730613 0.5245 0.05 -0.0726 0.06859359443532875 -0.04852081816684016 0.10432558133195022 0.13510430441405502
0.10000000000000002 0.1452 0.599000163581409 0.05176335220067697 -0.034838089256304786 0.5245000000000001 0.05 -0.0726 0.07307950597459371 -0.042711448526111195 0.10432558329757632 0.13510430291989717
0.10000000000000002 0.1452 0.5990001186769647 0.05644765810519788 -0.03566762754235969 0.5245000000000005 0.05 -0.0726 0.07864769199966613 -0.03550050586172788 0.10432558522319638 0.1351043022071338
0.10000000000000002 0.1452 0.5989999542172952 0.06143432074313893 -0.03476528057019353 0.5245000000000007 0.05 -0.0726 0.08555928539091405 -0.026549819690820136 0.1043255945985953 0.13510430227473763
0.10000000000000002 0.1452 0.5989998478616415 0.0669571802036954 -0.03208873526557704 0.5244999999999992 0.05 -0.0726 0.09413837072790304 -0.015439689116267884 0.10432560315281839 0.1351043051885497
0.10000000000000002 0.1452 0.5989994313623962 0.0732752391564069 -0.027512459246895396 0.5245000000000043 0.05 -0.0726 0.10478735421481723 -0.0016490031664767903 0.10432565358552547 0.13510433608783365
0.10000000000000002 0.1452 0.5989992998628583 0.08068475980968301 -0.020821870032215826 0.5245000000000045 0.05 -0.0726 0.11800545038221134 0.01546875461628127 0.10432567956533205 0.1351043574033787
0.10000000000000002 0.1452 0.5989999241589006 0.08953311663134905 -0.011703318561586531 0.5244999999999937 0.05 -0.0726 0.13441208681119032 0.03671581764909595 0.10432545125277026 0.1351041353925588
0.10000000000000002 0.1452 0.5989999241589006 0.10023531034705196 0.0002708770979157893 0.5245 0.05 -0.0726 0.1547774138953757 0.0630894386080787 0.10432545125271805 0.1351041353926808
0.15000000000000002 -0.1452 0.5990044508350643 0.1124977016260265 0.012119999657752276 0.5245000000000001 0.15000000000000002 0.0726 0.1647582552592961 0.06000977023716147 0.1583651190883303 -0.13510087748925817
0.15000000000000002 -0.1452 0.5990037483918549 0.12300149807296892 0.021133009791713023 0.5245000000000001 0.15000000000000002 0.0726 0.1683189027041725 0.056972197107308754 0.1583651488356938 -0.13510085025519725
0.15000000000000002 -0.1452 0.5990035263045519 0.13223925071768597 0.027732561679390748 0.5245 0.15000000000000002 0.0726 0.17273855901885263 0.053201803522428766 0.15836515910902965 -0.13510084210049478
0.15000000000000002 -0.1452 0.5990030352366018 0.14064415515066125 0.03222812444267564 0.5245000000000001 0.15000000000000002 0.0726 0.1782245462269443 0.04852173095622882 0.15836518432645313 -0.13510082623537661
0.15000000000000002 -0.1452 0.599002606760368 0.1486103458576382 0.034830508885498886 0.5245000000000001 0.15000000000000002 0.0726 0.1850340932146496 0.042712535752482114 0.15836520995101633 -0.13510081512492225
0.15000000000000002 -0.1452 0.5990025096510135 0.15651137469207507 0.03566175593462347 0.5244999999999996 0.15000000000000002 0.0726 0.19348646657105098 0.03550184725442283 0.15836521708052043 -0.1351008135655398
0.15000000000000002 -0.1452 0.599002141545691 0.16471776030396043 0.03476083526927288 0.5244999999999995 0.15000000000000002 0.0726 0.20397814382323892 0.026551444148951088 0.1583652520320197 -0.13510081370975754
0.15000000000000002 -0.1452 0.5990012198220068 0.17361436554213008 0.032085470809157864 0.5244999999999991 0.15000000000000002 0.0726 0.21700127164559416 0.015441494596457099 0.15836537267383116 -0.13510083894514413
0.15000000000000002 -0.1452 0.5990016488033885 0.18361829076675754 0.027510273833020918 0.5244999999999997 0.15000000000000002 0.0726 0.233165853879672 0.00165153646299818 0.15836528975398223 -0.13510080714007397
0.15000000000000002 -0.1452 0.5990014732933414 0.19519870737076592 0.02082065742463679 0.5244999999999983 0.15000000000000002 0.0726 0.2532306276718759 -0.015465631533637017 0.15836534427330679 -0.13510083558535024
0.15000000000000002 -0.1452 0.5990019681515848 0.20889855086303055 0.011703004623782806 0.5244999999999916 0.15000000000000002 0.0726 0.2781356290890785 -0.036712039525189706 0.15836506287105234 -0.13510065962945456
0.15000000000000002 -0.1452 0.5990019681515848 0.22536033967866861 -0.0002703070874118668 0.5245 0.15000000000000002 0.0726 0.30904973269857855 -0.06308474897042468 0.158365062871425 -0.1351006596290046
0.09999999999999998 0.18 0.5989993110927296 0.24169680252326745 -0.011547171491107809 0.5245000000000001 0.30000000000000004 -0.0726 0.3104225873688 -0.056748002825841824 0.11183826209714451 0.17009786073213914
0.09999999999999998 0.18 0.5989992193962406 0.25529923911305996 -0.019961068160661795 0.5245 0.30000000000000004 -0.0726 0.31293715479803746 -0.05292352999668482 0.11183826726387028 0.1700978573259488
0.09999999999999998 0.18 0.5989991007947125 0.2668055127196051 -0.025906551380374995 0.5245 0.30000000000000004 -0.0726 0.31605839226607074 -0.04817635727120401 0.11183827420959255 0.17009785334933583
0.09999999999999998 0.18 0.5989989382576602 0.27675519122747205 -0.029662422768558745 0.5245000000000001 0.30000000000000004 -0.0726 0.3199326685350902 -0.04228386934369964 0.11183828429182395 0.170097848815307
0.09999999999999998 0.18 0.5989989341352192 0.28561484486005545 -0.03140481087856559 0.5245000000000002 0.30000000000000004 -0.0726 0.32474164048658133 -0.034969774948896304 0.11183828462635953 0.17009784868961297
0.09999999999999998 0.18 0.5989989629056695 0.2937999308294414 -0.031215423099615218 0.5245000000000001 0.30000000000000004 -0.0726 0.33071082387741185 -0.025891082731474512 0.11183828237696575 0.17009784888388774
0.09999999999999998 0.18 0.5989989710669832 0.30169427503344937 -0.02908537777637335 0.5244999999999987 0.30000000000000004 -0.0726 0.33812014002262963 -0.014622054350830799 0.11183828160845212 0.17009784876818582
0.09999999999999998 0.18 0.5989986710155623 0.30966808279929053 -0.02491477231132986 0.5244999999999971 0.30000000000000004 -0.0726 0.34731711205831406 -0.0006341496915758492 0.11183831805061309 0.1700978632351286
0.09999999999999998 0.18 0.5989988164129635 0.31809524980288123 -0.018508062152367936 0.524499999999999 0.30000000000000004 -0.0726 0.3587328263545803 0.016728324096453688 0.11183829365012801 0.17009784751817758
0.09999999999999998 0.18 0.5989985258405179 0.3273709866779597 -0.00956477266599326 0.5245000000000044 0.30000000000000004 -0.0726 0.37290289449966524 0.03827992759378855 0.11183836768454425 0.17009791169713723
0.09999999999999998 0.18 0.5989991477606169 0.33793015638419266 0.002334338081999815 0.5245000000000084 0.30000000000000004 -0.0726 0.39049103692248827 0.06503030104090608 0.11183809019966147 0.17009762011240945
0.09999999999999998 0.18 0.5989991477606169 0.35026799494605704 0.017747364564214635 0.5245 0.30000000000000004 -0.0726 0.4123229763393921 0.09823509674159674 0.1118380902019972 0.1700976201104557
0.04999999999999999 -0.1452 0.5989875379336468 0.36087945734276966 0.03300625057651989 0.5245000000000001 0.4 0.1074 0.40538628528853937 0.09505273562423411 0.05779391522145123 -0.13248402420648073
0.04999999999999999 -0.1452 0.5989875190281024 0.36965642989557823 0.044776570620606485 0.5245000000000001 0.4 0.1074 0.4066857853786606 0.09207382367452775 0.05779391590026265 -0.13248402326136144
0.04999999999999999 -0.1452 0.5989868758307909 0.3770104980452451 0.053610265120527974 0.5245 0.4 0.1074 0.4082988297956762 0.08837616972444326 0.05779393996453337 -0.1324839925520381
0.04999999999999999 -0.1452 0.5989869037299648 0.3832865131496269 0.05992158382210376 0.5244999999999999 0.4 0.1074 0.41030101063773144 0.08378646798265912 0.05779393894810087 -0.13248399363460633
0.04999999999999999 -0.1452 0.5989868976143182 0.38877877836181274 0.06400648446572989 0.5245000000000001 0.4 0.1074 0.41278624102531003 0.07808944775408011 0.05779393914914884 -0.13248399350328777
0.04999999999999999 -0.1452 0.5989869524025244 0.3937448430756073 0.06605652295020165 0.5244999999999992 0.4 0.1074 0.4158710552174759 0.07101796886329834 0.05779393656095543 -0.13248399496197125
0.04999999999999999 -0.1452 0.5989871625670559 0.39841757920696474 0.06616783786998492 0.524500000000001 0.4 0.1074 0.41970009663518626 0.062240451260022804 0.057793924624966415 -0.13248399763248497
0.04999999999999999 -0.1452 0.5989871898238086 0.40301610981267383 0.06434564329165707 0.5244999999999987 0.4 0.1074 0.4244529538927992 0.051345229433906674 0.05779392269460911 -0.13248399726933766
0.04999999999999999 -0.1452 0.5989870273817559 0.4077560808225637 0.06050447993574551 0.5244999999999953 0.4 0.1074 0.4303525224205389 0.037821357178390025 0.05779393820218391 -0.13248400669009594
0.04999999999999999 -0.1452 0.5989863736706442 0.41285978905792514 0.05446417909655796 0.5245000000000072 0.4 0.1074 0.4376755629147043 0.02103445392744429 0.05779403081947899 -0.13248409964726326
0.04999999999999999 -0.1452 0.5989873173146931 0.4185664687233008 0.045941665437986855 0.5245000000000013 0.4 0.1074 0.446764822682416 0.0001985211518536617 0.05779380132220412 -0.13248379047796185
0.04999999999999999 -0.1452 0.5989873173146931 0.42514379071695263 0.03453716984194788 0.5245 0.4 0.1074 0.45804734093186705 -0.02566499274999786 0.05779380132170535 -0.13248379047877584
-0.04999999999999999 0.18 0.598988547059302 0.42921407547765306 0.023258956284635916 0.5245 0.45 -0.0378 0.4456635331450888 -0.021947409483222942 -0.04652974685898045 0.17009631307785222
-0.04999999999999999 0.18 0.5989885364355733 0.43230964034129804 0.014843996665256418 0.5245 0.45 -0.0378 0.44461731347561023 -0.01812280004370314 -0.04652974673693776 0.17009631274456752
-0.04999999999999999 0.18 0.5989885383794427 0.43457564650006675 0.00889768587011562 0.5245 0.45 -0.0378 0.4433186823046741 -0.013375463357840144 -0.04652974675463638 0.17009631279082543
-0.04999999999999999 0.18 0.5989885496162044 0.43611835443717456 0.005141181761604094 0.5245 0.45 -0.0378 0.44170674267171844 -0.0074827816665747685 -0.04652974688856308 0.17009631313488827
-0.04999999999999999 0.18 0.5989885491816258 0.4370101066951555 0.003398329855998694 0.5244999999999997 0.45 -0.0378 0.4397059048111279 -0.00016842544749691392 -0.04652974686001034 0.1700963130557015
-0.04999999999999999 0.18 0.5989885614919526 0.43729272056656293 0.003587401697594403 0.5245000000000004 0.45 -0.0378 0.4372223438925233 0.008910595650959547 -0.04652974693327744 0.17009631316263302
-0.04999999999999999 0.18 0.5989885641446382 0.43697944865510757 0.005717263792926114 0.5245000000000011 0.45 -0.0378 0.4341395966200903 0.020180030358412846 -0.04652974692390045 0.1700963131009825
-0.04999999999999999 0.18 0.5989885650236186 0.43605560059955856 0.009887792397482338 0.5245000000000004 0.45 -0.0378 0.4303131031869422 0.03416833822377714 -0.04652974691425401 0.17009631305481865
-0.04999999999999999 0.18 0.5989885644311713 0.43447785412266693 0.016294557309091934 0.5245000000000014 0.45 -0.0378 0.425563426761633 0.05153147690338695 -0.04652974692743342 0.17009631311326295
-0.04999999999999999 0.18 0.59898854669496 0.4321722230328708 0.025237994542156958 0.5245000000000017 0.45 -0.0378 0.4196678367317548 0.07308367099375522 -0.04652974791409177 0.17009631701837397
-0.04999999999999999 0.18 0.5989885475009457 0.42903058931974125 0.037137488987712214 0.5245000000000072 0.45 -0.0378 0.41234987515064053 0.09983555270850661 -0.046529747814652314 0.1700963166385368
-0.04999999999999999 0.18 0.5989885475009457 0.42490563148605537 0.0525510469225656 0.5245 0.45 -0.0378 0.4032663761396758 0.13304161542397597 -0.046529747811624715 0.17009631662989622
-0.04999999999999999 -0.1452 0.5989971947542388 0.4191809657588302 0.06780929033234868 0.5245 0.4 0.1422 0.3949633637658111 0.12985315236197897 -0.05404449685892265 -0.13248508277431337
-0.04999999999999999 -0.1452 0.5989971907189922 0.414355758111509 0.07957911047493414 0.5245 0.4 0.1422 0.3937482207923811 0.12687434184914792 -0.05404449692474299 -0.1324850826136009
-0.04999999999999999 -0.1452 0.5989971896145163 0.4102037388188393 0.08841243266901466 0.5245 0.4 0.1422 0.3922399115352861 0.12317686131688464 -0.05404449695767402 -0.13248508252965374
-0.04999999999999999 -0.1452 0.5989972085194961 0.4065302063005507 0.0947234805559915 0.5245 0.4 0.1422 0.3903677072928732 0.11858732556199772 -0.05404449653862646 -0.13248508332685152
-0.04999999999999999 -0.1452 0.5989972236407254 0.4031628966263668 0.09880819977163728 0.5244999999999999 0.4 0.1422 0.38804381357811546 0.1128905147557981 -0.054044496131921464 -0.13248508395699674
-0.04999999999999999 -0.1452 0.5989972474141445 0.39994390580210776 0.1008581364480978 0.5245000000000003 0.4 0.1422 0.38515925626957953 0.10581928863869752 -0.05404449542060641 -0.1324850845941134
-0.04999999999999999 -0.1452 0.5989972800639616 0.39672228506763585 0.10096941927781511 0.5244999999999996 0.4 0.1422 0.38157876967359466 0.09704205557096372 -0.05404449418947155 -0.13248508498399358
-0.04999999999999999 -0.1452 0.598997285296407 0.3933469616898653 0.09914726580985565 0.524500000000001 0.4 0.1422 0.3771344496456859 0.08614721534884345 -0.054044493931193954 -0.13248508489691327
-0.04999999999999999 -0.1452 0.5989972844094128 0.38965965560185223 0.09530622903970563 0.5245000000000022 0.4 0.1422 0.37161788866946927 0.07262387572891651 -0.054044493996866 -0.1324850849432371
-0.04999999999999999 -0.1452 0.5989972864022131 0.3854874570877249 0.08926619042962153 0.5245000000000062 0.4 0.1422 0.36477039840339054 0.0558378856827966 -0.054044493775291046 -0.13248508464785663
-0.04999999999999999 -0.1452 0.5989972812150953 0.38063471773883817 0.08074391202444876 0.5244999999999881 0.4 0.1422 0.35627087491817344 0.03500208963714268 -0.05404449482889212 -0.1324850863453747
-0.04999999999999999 -0.1452 0.5989972812150953 0.37487387708642206 0.06933975703380435 0.5245 0.4 0.1422 0.34572075147780507 0.009139436683553923 -0.05404449483264548 -0.13248508633357484
0.04999999999999999 0.18 0.5989957521385157 0.37080009258978247 0.058060952166952555 0.5245000000000001 0.35000000000000003 -0.0030000000000000027 0.3543360925140508 0.012852086502774529 0.04652717926383475 0.1700962025211472
0.04999999999999999 0.18 0.5989956777297557 0.3677016926198069 0.0496454957347522 0.5245 0.35000000000000003 -0.0030000000000000027 0.35538222325269203 0.016676579491020277 0.046527178268703125 0.17009619978864887
0.04999999999999999 0.18 0.5989955473066474 0.36543338342341253 0.04369876076393369 0.5245000000000001 0.35000000000000003 -0.0030000000000000027 0.3566807462397482 0.021423779822950097 0.04652717663540476 0.17009619541685556
0.04999999999999999 0.18 0.5989953010509228 0.3638887974218953 0.039941888579716006 0.5245000000000001 0.35000000000000003 -0.0030000000000000027 0.3582925567254802 0.027316311375834748 0.046527173923308004 0.17009618852079
0.04999999999999999 0.18 0.5989952521427788 0.3629955028354906 0.0381987030899556 0.5245000000000001 0.35000000000000003 -0.0030000000000000027 0.360293227620828 0.03463045645516588 0.046527173469912114 0.1700961874872674
0.04999999999999999 0.18 0.5989952462385939 0.36271160985615825 0.03838745948725109 0.5245000000000006 0.35000000000000003 -0.0030000000000000027 0.3627765802054363 0.04370921143461946 0.046527173434518204 0.17009618743546365
0.04999999999999999 0.18 0.5989952586977505 0.3630238056097282 0.04051700841021015 0.5245000000000019 0.35000000000000003 -0.0030000000000000027 0.36585906723461475 0.05497830968879934 0.04652717343089261 0.17009618726080764
0.04999999999999999 0.18 0.5989949845397183 0.3639467344102935 0.044687227864892126 0.5245 0.35000000000000003 -0.0030000000000000027 0.36968526281162256 0.06896629359338369 0.0465271760218242 0.17009620047748114
0.04999999999999999 0.18 0.5989950412272531 0.3655236699322505 0.05109365270286474 0.5245000000000009 0.35000000000000003 -0.0030000000000000027 0.37443453819972794 0.08632891361893766 0.04652717457484641 0.17009619435230316
0.04999999999999999 0.18 0.5989942553820224 0.3678285841145646 0.060036791453897675 0.5245000000000062 0.35000000000000003 -0.0030000000000000027 0.3803297659289407 0.10788096804709615 0.04652721847519152 0.17009636794279637
0.04999999999999999 0.18 0.5989950621332085 0.3709695017365041 0.07193579321022718 0.5245000000000135 0.35000000000000003 -0.0030000000000000027 0.3876469380827944 0.13463141241826546 0.046527119640490056 0.17009598968689799
0.04999999999999999 0.18 0.5989950621332085 0.37509374774936316 0.08734877893656474 0.5245 0.35000000000000003 -0.0030000000000000027 0.39672966825442685 0.16783647625115897 0.046527119639951084 0.17009598968536122
0.09999999999999998 -0.1452 0.5989958478931316 0.3816408592554809 0.10260745730310235 0.5245 0.4 0.177 0.4097228326057797 0.164653118932854 0.10432806988686524 -0.13248467016621315
0.09999999999999998 -0.1452 0.5989957932245572 0.3873270512448457 0.11437762591009074 0.5245 0.4 0.177 0.4120685739165984 0.1616742973025041 0.10432807113921083 -0.13248466739584858
0.09999999999999998 -0.1452 0.5989956159972826 0.3924189694220207 0.12321122462251127 0.5245000000000001 0.4 0.177 0.41498025975474917 0.15797679274504145 0.10432807557573279 -0.13248465892315103
0.09999999999999998 -0.1452 0.5989956403000892 0.39715538796301136 0.1295224924674968 0.5245000000000001 0.4 0.177 0.4185944070413 0.1533872409531463 0.10432807488941016 -0.132484659968674
0.09999999999999998 -0.1452 0.5989954154891446 0.4017584175926632 0.13360738032757521 0.5245000000000001 0.4 0.177 0.4230805325715423 0.1476903813609253 0.10432808255339646 -0.13248465144847485
0.09999999999999998 -0.1452 0.598995379892907 0.4064439060109922 0.13565744566405702 0.5245000000000002 0.4 0.177 0.4286489650141422 0.14061911418225007 0.1043280840870767 -0.1324846504187127
0.09999999999999998 -0.1452 0.5989952996074952 0.4114315726576197 0.13576882097698756 0.5245000000000002 0.4 0.177 0.4355608509612587 0.13184181746284876 0.10432808866552862 -0.13248464939274576
0.09999999999999998 -0.1452 0.5989951730398406 0.4169553080579372 0.13394672620275477 0.5245000000000012 0.4 0.177 0.44414031855528757 0.12094688712266037 0.10432809884801236 -0.13248465104938312
0.09999999999999998 -0.1452 0.5989947731755142 0.42327415428407567 0.13010569963587396 0.5245000000000019 0.4 0.177 0.45478976698845347 0.10742333618126436 0.10432814727499415 -0.1324846742150509
0.09999999999999998 -0.1452 0.5989946721343803 0.43068440907875605 0.12406563797747769 0.5245000000000017 0.4 0.177 0.4680084323911737 0.09063716794546597 0.10432816724050406 -0.13248468857691742
0.09999999999999998 -0.1452 0.5989957388745399 0.4395334322809132 0.1155434476356301 0.524499999999992 0.4 0.177 0.48441549583817783 0.06980197956399714 0.10432777706899213 -0.13248433912801352
0.09999999999999998 -0.1452 0.5989957388745399 0.4502363071789094 0.10413935892938969 0.5245 0.4 0.177 0.5047816453867139 0.043939300041459975 0.10432777706873375 -0.13248433912877308
0.09999999999999998 0.1452 0.5989998068362065 0.461676253485867 0.0922882628151988 0.5245 0.5 0.031799999999999995 0.5100724800349437 0.044390320925092236 0.10808171101716785 0.13509914371816728
0.09999999999999998 0.1452 0.5989997234163619 0.4713190750770911 0.08327365972047643 0.5245000000000001 0.5 0.031799999999999995 0.5125025794978711 0.047427876951441364 0.10808171468467431 0.13509913998791134
0.09999999999999998 0.1452 0.5989995282118927 0.4796169569733942 0.07667282725848171 0.5245 0.5 0.031799999999999995 0.5155189760186767 0.05119828630236768 0.10808172283263434 0.13509913289622916
0.09999999999999998 0.1452 0.5989995599997884 0.48695901093361327 0.07217622760321925 0.5245000000000001 0.5 0.031799999999999995 0.5192630935968773 0.05587832912283258 0.1080817214258166 0.13509913387302433
0.09999999999999998 0.1452 0.5989995090348263 0.49368953136913185 0.06957300217350774 0.5244999999999996 0.5 0.031799999999999995 0.5239105286918204 0.06168749222547526 0.10808172401183974 0.1350991325936209
0.09999999999999998 0.1452 0.5989994894422511 0.5001241338288633 0.06874107666104162 0.5245 0.5 0.031799999999999995 0.529679204670256 0.0688981753838554 0.1080817252085447 0.13509913227542253
0.09999999999999998 0.1452 0.5989994196774635 0.5065645595952121 0.0696414412651494 0.5244999999999983 0.5 0.031799999999999995 0.5368396460673631 0.07784852452737115 0.10808173050325931 0.13509913230271975
0.09999999999999998 0.1452 0.5989993174338005 0.5133128233033977 0.07231631922344328 0.5245000000000007 0.5 0.031799999999999995 0.5457276329027645 0.0889582545606494 0.10808174082354376 0.13509913510035998
0.09999999999999998 0.1452 0.5989989036829814 0.5206853920748699 0.07689116474847998 0.524499999999999 0.5 0.031799999999999995 0.5567600508118863 0.10274844343828507 0.10808180056931119 0.13509916578147177
0.09999999999999998 0.1452 0.598998767244008 0.5290279772291839 0.08358049383116425 0.5244999999999991 0.5 0.031799999999999995 0.5704540874038957 0.11986558758419334 0.10808183142934497 0.13509918789289
0.09999999999999998 0.1452 0.5989997092133084 0.5387316622205565 0.09269785364866272 0.5244999999999893 0.5 0.031799999999999995 0.5874512309926241 0.14111164507946955 0.10808144904249603 0.13509885296416904
0.09999999999999998 0.1452 0.5989997092133084 0.5502516012927571 0.10467091262322983 0.5245 0.5 0.031799999999999995 0.6085497844175456 0.16748425935774525 0.10808144904498465 0.1350988529610589
0.09999999999999998 -0.1452 0.5989989627672956 0.5616885441265241 0.11651997942105582 0.5245 0.6 0.177 0.6100723045483409 0.16440949181480605 0.10807943364420372 -0.13510066017340588
0.09999999999999998 -0.1452 0.5989988991507172 0.5713289383828645 0.12553293991595812 0.5245000000000001 0.6 0.177 0.612502360476751 0.161371891813392 0.10807943622080557 -0.13510065760360246
0.09999999999999998 -0.1452 0.5989987060760594 0.5796248554392235 0.1321324392856084 0.5244999999999999 0.6 0.177 0.6155187039986824 0.1576014268396276 0.10807944426728644 -0.13510065060390136
0.09999999999999998 -0.1452 0.5989987333080233 0.586965315016692 0.1366279527344757 0.5244999999999997 0.6 0.177 0.6192627563614047 0.1529213143585498 0.10807944304500648 -0.1351006514622164
0.09999999999999998 -0.1452 0.5989986408142874 0.593694537525472 0.1392302870889956 0.5245000000000002 0.6 0.177 0.6239101148643421 0.14711206012177466 0.1080794477902154 -0.1351006490748043
0.09999999999999998 -0.1452 0.5989986290223159 0.6001280766152942 0.140061475984409 0.5244999999999997 0.6 0.177 0.6296786898730378 0.13990127018119117 0.10807944851849363 -0.13510064887318599
0.09999999999999998 -0.1452 0.5989985970677943 0.6065676226736522 0.1391604957866424 0.524499999999999 0.6 0.177 0.6368390000705498 0.13095079480519942 0.10807945094341556 -0.13510064888578405
0.09999999999999998 -0.1452 0.5989984933478878 0.6133151503737744 0.1364850930023166 0.5244999999999969 0.6 0.177 0.6457268314065929 0.11984090017142851 0.10807946141235866 -0.13510065172362987
0.09999999999999998 -0.1452 0.598998055985431 0.6206870935910028 0.13190978744229143 0.5244999999999982 0.6 0.177 0.6567590635247931 0.10605049919847864 0.1080795245616105 -0.13510068416055643
0.09999999999999998 -0.1452 0.5989979440001331 0.6290291310410702 0.12522004506261258 0.5245000000000009 0.6 0.177 0.6704528508696284 0.08893311184355807 0.10807954989005453 -0.13510070230911317
0.09999999999999998 -0.1452 0.5989986415806409 0.6387323527339318 0.1161022646210192 0.5244999999999986 0.6 0.177 0.6874498688006372 0.06768655480682596 0.10807926672606964 -0.135100454258115
0.09999999999999998 -0.1452 0.5989986415806409 0.6502518608874489 0.10412879056766003 0.5245 0.6 0.177 0.7085480935786252 0.04131350622742248 0.10807926672515979 -0.1351004542592527
0.09999999999999998 0.1452 0.5989989649394639 0.6616887526054127 0.09227978217357673 0.5245 0.7 0.031799999999999995 0.7100723007927493 0.04439051225230533 0.10807939436015207 0.13510070508346983
0.09999999999999998 0.1452 0.5989988815074774 0.6713291057259021 0.08326686912209277 0.5245000000000001 0.7 0.031799999999999995 0.7125023569758909 0.047428114484577184 0.10807939771429262 0.1351007017445004
0.09999999999999998 0.1452 0.5989986863359451 0.6796249895207914 0.07666740826967558 0.5245 0.7 0.031799999999999995 0.7155186998077516 0.05119858114102816 0.10807940585753824 0.13510069465705582
0.09999999999999998 0.1452 0.5989987181908394 0.6869654220499526 0.07217192610994075 0.5245000000000001 0.7 0.031799999999999995 0.7192627507356091 0.05587869509464729 0.10807940441737182 0.13510069567406852
0.09999999999999998 0.1452 0.5989986672079652 0.6936946216941466 0.0695696164635705 0.5244999999999996 0.7 0.031799999999999995 0.7239101031204562 0.06168794648553296 0.1080794070356069 0.13510069435479333
0.09999999999999998 0.1452 0.598998647610927 0.7001281420645907 0.06873844796761155 0.5245000000000012 0.7 0.031799999999999995 0.7296786764256616 0.06889873923995266 0.1080794082320421 0.13510069403708375
0.09999999999999998 0.1452 0.5989985777705589 0.7065676737033136 0.06963944632288646 0.5244999999999993 0.7 0.031799999999999995 0.7368389903917558 0.07784922443508902 0.10807941353219394 0.13510069406436775
0.09999999999999998 0.1452 0.5989984755308408 0.7133151893142632 0.07231486448293362 0.5244999999999962 0.7 0.031799999999999995 0.7457268190366011 0.08895912332832465 0.10807942385102463 0.13510069686260393
0.09999999999999998 0.1452 0.5989980616656154 0.7206871209440602 0.07689018199995394 0.5244999999999996 0.7 0.031799999999999995 0.7567590406235682 0.1027495218497717 0.1080794836071999 0.13510072755734676
0.09999999999999998 0.1452 0.5989979252206097 0.7290291500291436 0.08357993699120526 0.5245000000000053 0.7 0.031799999999999995 0.7704528334974511 0.11986692617904922 0.10807951446652547 0.13510074967155622
0.09999999999999998 0.1452 0.5989988675628299 0.7387323339050776 0.09269769655120896 0.5245000000000123 0.7 0.031799999999999995 0.787449674324798 0.14111330631694816 0.10807913194723448 0.13510041458973931
0.09999999999999998 0.1452 0.5989988675628299 0.7502518033593165 0.10467114790147272 0.5245 0.7 0.031799999999999995 0.8085478521867862 0.1674863213867188 0.1080791319497055 0.13510041458665095
0.09999999999999998 -0.1452 0.5989989695956346 0.7616887063612431 0.11652016844691596 0.5245 0.7999999999999999 0.177 0.8100723013760799 0.16440948884046475 0.10807940279476233 -0.13510069607676506
0.09999999999999998 -0.1452 0.5989989059774222 0.7713290683950589 0.12553309155543657 0.5245000000000001 0.7999999999999999 0.177 0.8125023565482674 0.16137188813263637 0.1080794054494485 -0.1351006934093716
0.09999999999999998 -0.1452 0.5989987129061052 0.7796249593255374 0.13213256064961024 0.5244999999999999 0.7999999999999999 0.177 0.8155186991221133 0.1576014222710489 0.10807941349545437 -0.1351006864102089
0.09999999999999998 -0.1452 0.5989987401382222 0.7869653976486836 0.1366280495141478 0.5244999999999999 0.7999999999999999 0.177 0.8192627503082511 0.15292130868771 0.10807941227290764 -0.135100687268854
0.09999999999999998 -0.1452 0.5989986476992777 0.7936946027769265 0.1392303638238456 0.5245 0.7999999999999999 0.177 0.8239101073445402 0.1471120530895815 0.10807941701543139 -0.13510068488269755
0.09999999999999998 -0.1452 0.5989986359126127 0.800128127545917 0.1400615362729132 0.5245000000000003 0.7999999999999999 0.177 0.8296786805381572 0.1399012614531389 0.10807941774311294 -0.13510068468150588
0.09999999999999998 -0.1452 0.5989986039559311 0.8065676616718367 0.1391605424558754 0.5245000000000006 0.7999999999999999 0.177 0.836838988484043 0.13095078397112403 0.1080794201685398 -0.13510068469367797
0.09999999999999998 -0.1452 0.5989985002440293 0.8133151792679221 0.13648512824109837 0.5244999999999993 0.7999999999999999 0.177 0.8457268170227171 0.11984088672549514 0.10807943063651265 -0.13510068753150511
0.0 0.0 0.0 0.0 0.0 0.0 0.0 0.0 0.0 0.0 0.0 0.0
0.0 0.0 0.0 0.0 0.0 0.0 0.0 0.0 0.0 0.0 0.0 0.0
0.0 0.0 0.0 0.0 0.0 0.0 0.0 0.0 0.0 0.0 0.0 0.0
0.0 0.0 0.0 0.0 0.0 0.0 0.0 0.0 0.0 0.0 0.0 0.0
0.0 0.0 0.0 0.0 0.0 0.0 0.0 0.0 0.0 0.0 0.0 0.0
0.0 0.0 0.0 0.0 0.0 0.0 0.0 0.0 0.0 0.0 0.0 0.0
0.0 0.0 0.0 0.0 0.0 0.0 0.0 0.0 0.0 0.0 0.0 0.0
0.0 0.0 0.0 0.0 0.0 0.0 0.0 0.0 0.0 0.0 0.0 0.0
0.0 0.0 0.0 0.0 0.0 0.0 0.0 0.0 0.0 0.0 0.0 0.0
0.0 0.0 0.0 0.0 0.0 0.0 0.0 0.0 0.0 0.0 0.0 0.0
0.0 0.0 0.0 0.0 0.0 0.0 0.0 0.0 0.0 0.0 0.0 0.0
0.0 0.0 0.0 0.0 0.0 0.0 0.0 0.0 0.0 0.0 0.0 0.0
0.0 0.0 0.0 0.0 0.0 0.0 0.0 0.0 0.0 0.0 0.0 0.0
0.0 0.0 0.0 0.0 0.0 0.0 0.0 0.0 0.0 0.0 0.0 0.0
0.0 0.0 0.0 0.0 0.0 0.0 0.0 0.0 0.0 0.0 0.0 0.0
0.0 0.0 0.0 0.0 0.0 0.0 0.0 0.0 0.0 0.0 0.0 0.0
0.0 0.0 0.0 0.0 0.0 0.0 0.0 0.0 0.0 0.0 0.0 0.0
0.0 0.0 0.0 0.0 0.0 0.0 0.0 0.0 0.0 0.0 0.0 0.0
0.0 0.0 0.0 0.0 0.0 0.0 0.0 0.0 0.0 0.0 0.0 0.0
0.0 0.0 0.0 0.0 0.0 0.0 0.0 0.0 0.0 0.0 0.0 0.0
0.0 0.0 0.0 0.0 0.0 0.0 0.0 0.0 0.0 0.0 0.0 0.0
0.0 0.0 0.0 0.0 0.0 0.0 0.0 0.0 0.0 0.0 0.0 0.0
0.0 0.0 0.0 0.0 0.0 0.0 0.0 0.0 0.0 0.0 0.0 0.0
0.0 0.0 0.0 0.0 0.0 0.0 0.0 0.0 0.0 0.0 0.0 0.0
0.0 0.0 0.0 0.0 0.0 0.0 0.0 0.0 0.0 0.0 0.0 0.0
0.0 0.0 0.0 0.0 0.0 0.0 0.0 0.0 0.0 0.0 0.0 0.0
0.0 0.0 0.0 0.0 0.0 0.0 0.0 0.0 0.0 0.0 0.0 0.0
0.0 0.0 0.0 0.0 0.0 0.0 0.0 0.0 0.0 0.0 0.0 0.0
0.0 0.0 0.0 0.0 0.0 0.0 0.0 0.0 0.0 0.0 0.0 0.0
0.0 0.0 0.0 0.0 0.0 0.0 0.0 0.0 0.0 0.0 0.0 0.0
0.0 0.0 0.0 0.0 0.0 0.0 0.0 0.0 0.0 0.0 0.0 0.0
0.0 0.0 0.0 0.0 0.0 0.0 0.0 0.0 0.0 0.0 0.0 0.0
0.0 0.0 0.0 0.0 0.0 0.0 0.0 0.0 0.0 0.0 0.0 0.0
0.0 0.0 0.0 0.0 0.0 0.0 0.0 0.0 0.0 0.0 0.0 0.0
0.0 0.0 0.0 0.0 0.0 0.0 0.0 0.0 0.0 0.0 0.0 0.0
0.0 0.0 0.0 0.0 0.0 0.0 0.0 0.0 0.0 0.0 0.0 0.0
0.0 0.0 0.0 0.0 0.0 0.0 0.0 0.0 0.0 0.0 0.0 0.0
0.0 0.0 0.0 0.0 0.0 0.0 0.0 0.0 0.0 0.0 0.0 0.0
0.0 0.0 0.0 0.0 0.0 0.0 0.0 0.0 0.0 0.0 0.0 0.0
0.0 0.0 0.0 0.0 0.0 0.0 0.0 0.0 0.0 0.0 0.0 0.0
0.0 0.0 0.0 0.0 0.0 0.0 0.0 0.0 0.0 0.0 0.0 0.0
0.0 0.0 0.0 0.0 0.0 0.0 0.0 0.0 0.0 0.0 0.0 0.0
0.0 0.0 0.0 0.0 0.0 0.0 0.0 0.0 0.0 0.0 0.0 0.0
0.0 0.0 0.0 0.0 0.0 0.0 0.0 0.0 0.0 0.0 0.0 0.0
0.0 0.0 0.0 0.0 0.0 0.0 0.0 0.0 0.0 0.0 0.0 0.0
0.0 0.0 0.0 0.0 0.0 0.0 0.0 0.0 0.0 0.0 0.0 0.0
0.0 0.0 0.0 0.0 0.0 0.0 0.0 0.0 0.0 0.0 0.0 0.0
0.0 0.0 0.0 0.0 0.0 0.0 0.0 0.0 0.0 0.0 0.0 0.0
0.0 0.0 0.0 0.0 0.0 0.0 0.0 0.0 0.0 0.0 0.0 0.0
0.0 0.0 0.0 0.0 0.0 0.0 0.0 0.0 0.0 0.0 0.0 0.0
0.0 0.0 0.0 0.0 0.0 0.0 0.0 0.0 0.0 0.0 0.0 0.0
0.0 0.0 0.0 0.0 0.0 0.0 0.0 0.0 0.0 0.0 0.0 0.0
0.0 0.0 0.0 0.0 0.0 0.0 0.0 0.0 0.0 0.0 0.0 0.0
0.0 0.0 0.0 0.0 0.0 0.0 0.0 0.0 0.0 0.0 0.0 0.0
0.0 0.0 0.0 0.0 0.0 0.0 0.0 0.0 0.0 0.0 0.0 0.0
0.0 0.0 0.0 0.0 0.0 0.0 0.0 0.0 0.0 0.0 0.0 0.0
0.0 0.0 0.0 0.0 0.0 0.0 0.0 0.0 0.0 0.0 0.0 0.0
0.0 0.0 0.0 0.0 0.0 0.0 0.0 0.0 0.0 0.0 0.0 0.0
0.0 0.0 0.0 0.0 0.0 0.0 0.0 0.0 0.0 0.0 0.0 0.0
0.0 0.0 0.0 0.0 0.0 0.0 0.0 0.0 0.0 0.0 0.0 0.0
0.0 0.0 0.0 0.0 0.0 0.0 0.0 0.0 0.0 0.0 0.0 0.0
0.0 0.0 0.0 0.0 0.0 0.0 0.0 0.0 0.0 0.0 0.0 0.0
0.0 0.0 0.0 0.0 0.0 0.0 0.0 0.0 0.0 0.0 0.0 0.0
0.0 0.0 0.0 0.0 0.0 0.0 0.0 0.0 0.0 0.0 0.0 0.0
0.0 0.0 0.0 0.0 0.0 0.0 0.0 0.0 0.0 0.0 0.0 0.0
